1 0.492063 0.802096 0.158730 0.149199
1 0.716402 0.837238 0.124868 0.128237
1 0.868254 0.857583 0.108995 0.094945
1 0.862434 0.729963 0.078307 0.083847
1 0.888889 0.620222 0.076190 0.081381
1 0.177249 0.806412 0.204233 0.152898
1 0.348677 0.795314 0.070899 0.056720
1 0.356085 0.710234 0.058201 0.059186
1 0.307937 0.623305 0.069841 0.057953
1 0.348677 0.429100 0.094180 0.101110
1 0.195238 0.290999 0.123810 0.416769
1 0.176720 0.627620 0.162963 0.175092
1 0.454497 0.372996 0.089947 0.198520
1 0.837566 0.325524 0.085714 0.258940
1 0.740212 0.601110 0.064550 0.060419
1 0.768783 0.694205 0.094180 0.083847
1 0.496296 0.655980 0.122751 0.140567
1 0.387302 0.602959 0.061376 0.130703
