1 0.318125 0.305760 0.026250 0.040441
1 0.355000 0.536152 0.032500 0.037990
1 0.400000 0.740809 0.027500 0.028186
1 0.495625 0.735294 0.023750 0.024510
1 0.663125 0.531250 0.023750 0.030637
1 0.675000 0.320466 0.030000 0.023284
1 0.629375 0.318627 0.038750 0.039216
1 0.577500 0.101103 0.032500 0.028186
1 0.520000 0.096201 0.030000 0.023284
1 0.467500 0.097426 0.030000 0.033088
1 0.471875 0.310662 0.026250 0.033088
1 0.593125 0.731618 0.031250 0.022059
1 0.216250 0.669730 0.035000 0.033088
1 0.218125 0.303922 0.031250 0.029412
