1 0.248667 0.436000 0.086667 0.192000
1 0.478000 0.460000 0.089333 0.112000
1 0.592000 0.530000 0.085333 0.164000
1 0.559333 0.690000 0.081333 0.096000
1 0.436667 0.813000 0.065333 0.102000
1 0.260000 0.799000 0.101333 0.126000
1 0.688000 0.815000 0.090667 0.134000
1 0.913333 0.904000 0.114667 0.184000
1 0.807333 0.560000 0.086667 0.168000
1 0.690000 0.262000 0.076000 0.132000
1 0.875333 0.295000 0.052000 0.114000
1 0.106000 0.903000 0.124000 0.142000
1 0.153333 0.364000 0.090667 0.144000
1 0.552000 0.188000 0.093333 0.124000
1 0.730667 0.080000 0.058667 0.116000
1 0.068667 0.482000 0.070667 0.080000
